,Close_x,High_x,Low_x,Open_x,Volume_x,current_hour_pillar,current_day_pillar,current_day_pillar_minus,current_hour_pillar_minus,current_month_pillar,current_year_pillar,current_year_pillar_minus,current_month_pillar_minus,current_wuxi_hour,current_wuxi_day,current_wuxi_month,current_wuxi_year,base_year_pillar,base_month_pillar,base_day_pillar,base_hour_pillar,base_month_pillar_minus,base_hour_pillar_minus,base_year_pillar_minus,base_day_pillar_minus,year,month,day,hour,dayofweek,quarter,dayofyear,weekofyear,current_hour_pillar_heavenly,current_hour_pillar_earthly,current_hour_pillar_heavenly_sin,current_hour_pillar_heavenly_cos,current_hour_pillar_earthly_sin,current_hour_pillar_earthly_cos,current_day_pillar_heavenly,current_day_pillar_earthly,current_day_pillar_heavenly_sin,current_day_pillar_heavenly_cos,current_day_pillar_earthly_sin,current_day_pillar_earthly_cos,current_day_pillar_minus_heavenly,current_day_pillar_minus_earthly,current_day_pillar_minus_heavenly_sin,current_day_pillar_minus_heavenly_cos,current_day_pillar_minus_earthly_sin,current_day_pillar_minus_earthly_cos,current_hour_pillar_minus_heavenly,current_hour_pillar_minus_earthly,current_hour_pillar_minus_heavenly_sin,current_hour_pillar_minus_heavenly_cos,current_hour_pillar_minus_earthly_sin,current_hour_pillar_minus_earthly_cos,current_month_pillar_heavenly,current_month_pillar_earthly,current_month_pillar_heavenly_sin,current_month_pillar_heavenly_cos,current_month_pillar_earthly_sin,current_month_pillar_earthly_cos,current_year_pillar_heavenly,current_year_pillar_earthly,current_year_pillar_heavenly_sin,current_year_pillar_heavenly_cos,current_year_pillar_earthly_sin,current_year_pillar_earthly_cos,current_year_pillar_minus_heavenly,current_year_pillar_minus_earthly,current_year_pillar_minus_heavenly_sin,current_year_pillar_minus_heavenly_cos,current_year_pillar_minus_earthly_sin,current_year_pillar_minus_earthly_cos,current_month_pillar_minus_heavenly,current_month_pillar_minus_earthly,current_month_pillar_minus_heavenly_sin,current_month_pillar_minus_heavenly_cos,current_month_pillar_minus_earthly_sin,current_month_pillar_minus_earthly_cos,base_year_pillar_heavenly,base_year_pillar_earthly,base_year_pillar_heavenly_sin,base_year_pillar_heavenly_cos,base_year_pillar_earthly_sin,base_year_pillar_earthly_cos,base_month_pillar_heavenly,base_month_pillar_earthly,base_month_pillar_heavenly_sin,base_month_pillar_heavenly_cos,base_month_pillar_earthly_sin,base_month_pillar_earthly_cos,base_day_pillar_heavenly,base_day_pillar_earthly,base_day_pillar_heavenly_sin,base_day_pillar_heavenly_cos,base_day_pillar_earthly_sin,base_day_pillar_earthly_cos,base_hour_pillar_heavenly,base_hour_pillar_earthly,base_hour_pillar_heavenly_sin,base_hour_pillar_heavenly_cos,base_hour_pillar_earthly_sin,base_hour_pillar_earthly_cos,base_month_pillar_minus_heavenly,base_month_pillar_minus_earthly,base_month_pillar_minus_heavenly_sin,base_month_pillar_minus_heavenly_cos,base_month_pillar_minus_earthly_sin,base_month_pillar_minus_earthly_cos,base_hour_pillar_minus_heavenly,base_hour_pillar_minus_earthly,base_hour_pillar_minus_heavenly_sin,base_hour_pillar_minus_heavenly_cos,base_hour_pillar_minus_earthly_sin,base_hour_pillar_minus_earthly_cos,base_year_pillar_minus_heavenly,base_year_pillar_minus_earthly,base_year_pillar_minus_heavenly_sin,base_year_pillar_minus_heavenly_cos,base_year_pillar_minus_earthly_sin,base_year_pillar_minus_earthly_cos,base_day_pillar_minus_heavenly,base_day_pillar_minus_earthly,base_day_pillar_minus_heavenly_sin,base_day_pillar_minus_heavenly_cos,base_day_pillar_minus_earthly_sin,base_day_pillar_minus_earthly_cos,cs_base_hour_current_hour,cs_base_hour_current_day,cs_base_hour_current_hour_minus,cs_base_hour_current_month,cs_base_hour_current_year,cs_base_hour_current_month_minus,cs_base_day_current_hour,cs_base_day_current_day,cs_base_day_current_hour_minus,cs_base_day_current_month,cs_base_day_current_year,cs_base_day_current_month_minus,cs_base_hour_minus_current_hour,cs_base_hour_minus_current_day,cs_base_hour_minus_current_hour_minus,cs_base_hour_minus_current_month,cs_base_hour_minus_current_year,cs_base_hour_minus_current_month_minus,cs_base_month_current_hour,cs_base_month_current_day,cs_base_month_current_hour_minus,cs_base_month_current_month,cs_base_month_current_year,cs_base_month_current_month_minus,cs_base_year_current_hour,cs_base_year_current_day,cs_base_year_current_hour_minus,cs_base_year_current_month,cs_base_year_current_year,cs_base_year_current_month_minus,cs_base_month_minus_current_hour,cs_base_month_minus_current_day,cs_base_month_minus_current_hour_minus,cs_base_month_minus_current_month,cs_base_month_minus_current_year,cs_base_month_minus_current_month_minus,target
Close_x,1,0.994463,0.995271,0.986792,0.491821,0.0436061,-0.0224367,-0.0323174,0.0409231,0.0307912,-0.556195,0.126271,0.161879,-0.00645451,-0.0232232,-0.0586185,-0.432602,,,,,,,,,0.214072,0.571649,0.00580255,,-0.0164316,0.597913,0.573132,0.574867,0.0436061,,-0.0371672,0.00134782,,,-0.0222886,-0.00317799,0.0289763,0.00748959,0.0057353,-0.000301791,-0.0339444,0.0176901,-0.0289763,-0.00748959,-0.00564822,-0.0103023,-0.0393543,0.457089,0.0371672,-0.00134782,-0.457089,-0.457089,0.0612271,-0.178032,0.0581349,-0.0599051,-0.235032,0.298608,-0.556195,0.230077,-0.122439,-0.390893,-0.502333,-0.317349,0.126271,-0.126271,0.122439,0.390893,0.572042,0.0021961,0.16368,0.105404,-0.0581349,0.0599051,-0.0363673,-0.171582,,,,,,,,,,,,,,,,,,,,,,,,,,,,,,,,,,,,,,,,,,,,,,,,,,0.0118948,0.457089,0.128055,0.480861,0.112877,,-0.00240113,0.457089,-0.125425,-0.448627,-0.119669,,-0.00339129,-0.457089,0.135217,0.480861,0.134632,,0.00324757,0.457089,0.0145554,0.448627,0.194499,,0.0053134,0.457089,0.0160711,-0.480861,-0.206951,,-0.0127103,-0.457089,-0.174519,-0.448627,-0.116161,0.9818
High_x,0.994463,1,0.992985,0.995064,0.527019,0.0447584,-0.0301727,-0.0323686,0.0337063,0.032741,-0.550137,0.130263,0.160869,-0.0158031,-0.0312053,-0.0513184,-0.432567,,,,,,,,,0.215028,0.56382,0.0026263,,-0.0145778,0.593809,0.565066,0.566769,0.0447584,,-0.0454644,-0.00526395,,,-0.0300976,-0.000197972,0.0308248,0.011428,0.0120306,-0.00627174,-0.0344497,0.020392,-0.0308248,-0.011428,-0.0121543,-0.00668983,-0.0467043,0.457363,0.0454644,0.00526395,-0.457363,-0.457363,0.0629333,-0.173733,0.0639738,-0.0409589,-0.240763,0.305478,-0.550137,0.220566,-0.123575,-0.390108,-0.498945,-0.312432,0.130263,-0.130263,0.123575,0.390108,0.567928,0.00906223,0.162065,0.0942706,-0.0639738,0.0409589,-0.0291902,-0.179887,,,,,,,,,,,,,,,,,,,,,,,,,,,,,,,,,,,,,,,,,,,,,,,,,,0.0107529,0.457363,0.111308,0.480761,0.112439,,0.00363043,0.457363,-0.113407,-0.448096,-0.125649,,-0.00316489,-0.457363,0.119856,0.480761,0.148076,,0.000212013,0.457363,-0.00139899,0.448096,0.195597,,0.00440395,0.457363,0.0331762,-0.480761,-0.219555,,-0.00791388,-0.457363,-0.161249,-0.448096,-0.112618,0.977536
Low_x,0.995271,0.992985,1,0.992806,0.465903,0.044994,-0.021512,-0.03414,0.0458902,0.0247276,-0.566401,0.132493,0.153785,0.00271682,-0.0225357,-0.0542456,-0.430604,,,,,,,,,0.211384,0.580107,0.0137281,,-0.0198946,0.605607,0.582163,0.583948,0.044994,,-0.0318089,0.00915933,,,-0.0220279,0.00720931,0.0234291,0.00598802,0.00976919,-0.0113841,-0.0354416,0.0131945,-0.0234291,-0.00598802,-0.012863,-0.00363188,-0.0340596,0.455565,0.0318089,-0.00915933,-0.455565,-0.455565,0.0546994,-0.183778,0.0556133,-0.049721,-0.245873,0.295881,-0.566401,0.229202,-0.112082,-0.399134,-0.511016,-0.330627,0.132493,-0.132493,0.112082,0.399134,0.578029,0.00570884,0.155596,0.0958769,-0.0556133,0.049721,-0.0242496,-0.168525,,,,,,,,,,,,,,,,,,,,,,,,,,,,,,,,,,,,,,,,,,,,,,,,,,0.00795594,0.455565,0.123035,0.482895,0.108673,,0.00548022,0.455565,-0.140303,-0.454613,-0.114471,,-0.00820165,-0.455565,0.13532,0.482895,0.130749,,0.00174972,0.455565,0.023593,0.454613,0.191381,,0.00688486,0.455565,0.0143598,-0.482895,-0.202804,,-0.00636128,-0.455565,-0.177374,-0.454613,-0.108131,0.976617
Open_x,0.986792,0.995064,0.992806,1,0.503211,0.0427419,-0.026037,-0.036376,0.0339574,0.0295279,-0.559034,0.14228,0.156978,-0.00786644,-0.0273129,-0.0507831,-0.430025,,,,,,,,,0.203276,0.573302,0.00685196,,-0.0235906,0.602452,0.574817,0.576611,0.0427419,,-0.0443182,0.00284247,,,-0.0262455,0.00675554,0.0237709,0.00652104,0.0163385,-0.0138259,-0.038147,0.0168608,-0.0237709,-0.00652104,-0.0198281,-0.00117023,-0.0455863,0.452473,0.0443182,-0.00284247,-0.452473,-0.452473,0.0596716,-0.180783,0.0625336,-0.0407942,-0.244386,0.304934,-0.559034,0.211196,-0.107082,-0.400493,-0.507575,-0.328421,0.14228,-0.14228,0.107082,0.400493,0.571335,0.0194664,0.158639,0.0900609,-0.0625336,0.0407942,-0.0204037,-0.181171,,,,,,,,,,,,,,,,,,,,,,,,,,,,,,,,,,,,,,,,,,,,,,,,,,0.0127067,0.452473,0.106345,0.481168,0.10825,,0.00682309,0.452473,-0.122425,-0.454717,-0.122917,,-0.00326573,-0.452473,0.120701,0.481168,0.14615,,0.000569004,0.452473,0.00134741,0.454717,0.193982,,0.00405773,0.452473,0.0324223,-0.481168,-0.219215,,-0.00624729,-0.452473,-0.160525,-0.454717,-0.106525,0.969629
Volume_x,0.491821,0.527019,0.465903,0.503211,1,0.00391788,-0.0278051,-0.00255968,-0.0192965,0.10583,-0.0978658,-0.171818,0.0536492,-0.0441344,-0.0260399,0.0777825,-0.105376,,,,,,,,,0.286795,0.059037,0.031481,,0.0563374,0.0841838,0.0620135,0.062299,0.00391788,,-0.0566062,-0.0281333,,,-0.0200697,-0.0840524,0.0539397,0.069709,0.0984492,-0.076666,-0.0047722,0.00694582,-0.0539397,-0.069709,-0.0899608,0.0295618,-0.0562874,0.208085,0.0566062,0.0281333,-0.208085,-0.208085,0.110973,0.0749734,0.0338854,-0.0334352,-0.140806,0.00188812,-0.0978658,0.293777,-0.265213,0.0230242,-0.0605283,0.0882735,-0.171818,0.171818,0.265213,-0.0230242,0.164025,-0.213107,0.0631438,-0.0374911,-0.0338854,0.0334352,-0.0806118,0.0263519,,,,,,,,,,,,,,,,,,,,,,,,,,,,,,,,,,,,,,,,,,,,,,,,,,-0.0571444,0.208085,-0.0831703,0.142329,0.0539296,,0.0555845,0.208085,0.170072,-0.046677,-0.111484,,-0.020437,-0.208085,-0.127532,0.142329,0.157607,,-0.0191047,0.208085,-0.0660321,0.046677,0.0370547,,-0.011143,0.208085,0.142353,-0.142329,-0.133105,,0.0701573,-0.208085,0.0646431,-0.046677,-0.0668214,0.491364
current_hour_pillar,0.0436061,0.0447584,0.044994,0.0427419,0.00391788,1,-0.517188,-0.496021,-0.0743102,0.0394327,-0.0295013,0.0129164,-0.0157076,0.105997,-0.51598,0.0248031,-0.0261221,,,,,,,,,0.0111975,0.0200994,-0.00553936,,0.0103932,0.0218406,0.0197244,0.0196568,1,,-0.054193,0.0534369,,,-0.519319,0.00160446,0.0127534,-0.0127571,-0.0320893,0.00672763,-0.500989,3.55108e-05,-0.0127534,0.0127571,0.0439817,-0.00869712,-0.0812305,0.0342275,0.054193,-0.0534369,-0.0342275,-0.0342275,0.0429492,-0.0210475,-0.0291918,-0.033113,-0.00483562,-0.00153731,-0.0295013,0.00408569,-0.013442,-0.0251705,-0.0296392,-0.0127235,0.0129164,-0.0129164,0.013442,0.0251705,0.0345106,0.00853745,-0.0142784,0.0126668,0.0291918,0.033113,-0.00649008,0.0148816,,,,,,,,,,,,,,,,,,,,,,,,,,,,,,,,,,,,,,,,,,,,,,,,,,-0.0159324,0.0342275,0.0117257,0.0344453,-0.0147612,,-0.00277656,0.0342275,0.00205994,-0.0303795,0.00922598,,-0.0224778,-0.0342275,-0.0040069,0.0344453,-0.0138314,,-0.00213823,0.0342275,0.00818196,0.0303795,-0.0280904,,0.0320539,0.0342275,0.00724125,-0.0344453,0.0221397,,2.54323e-05,-0.0342275,-0.0193297,-0.0303795,0.0111052,0.0421666
current_day_pillar,-0.0224367,-0.0301727,-0.021512,-0.026037,-0.0278051,-0.517188,1,-0.161774,0.261529,-0.0625007,0.0153569,-0.0136578,0.0371649,-0.130542,0.992904,0.0745591,0.0199146,,,,,,,,,-0.0148463,-0.00787729,0.0278861,,-0.0407551,-0.0199565,-0.0058409,-0.00537779,-0.517188,,0.280499,-0.204409,,,0.99514,0.0901158,-0.659418,0.0406319,-0.0100667,-0.0721054,-0.160105,-0.0118795,0.659418,-0.0406319,0.0111797,0.043254,0.2725,-0.0447083,-0.280499,0.204409,0.0447083,0.0447083,-0.0595815,-0.0510992,0.0734208,-0.0429682,0.0662348,0.0400813,0.0153569,0.00692507,0.0312687,0.0197237,0.0211217,-0.00773157,-0.0136578,0.0136578,-0.0312687,-0.0197237,-0.029555,-0.0156016,0.0371055,0.0449982,-0.0734208,0.0429682,-0.0585098,-0.0421577,,,,,,,,,,,,,,,,,,,,,,,,,,,,,,,,,,,,,,,,,,,,,,,,,,-0.0206522,-0.0447083,0.0489204,-0.0399805,-0.00685625,,0.00190431,-0.0447083,-0.00695776,0.0293696,0.0035489,,-0.0046478,0.0447083,0.083987,-0.0399805,-0.028703,,-0.00357136,-0.0447083,-0.00100944,-0.0293696,0.027621,,-0.0224728,-0.0447083,-0.0697268,0.0399805,0.0271649,,0.0182865,0.0447083,0.000206992,0.0293696,-0.017443,-0.0216176
current_day_pillar_minus,-0.0323174,-0.0323686,-0.03414,-0.036376,-0.00255968,-0.496021,-0.161774,1,0.295815,-0.0137748,0.0292271,-0.0148062,-0.00129516,-0.12389,-0.16735,-0.110309,0.0294644,,,,,,,,,-0.00847715,-0.0158762,-0.0359332,,0.0153195,-0.00707255,-0.0186533,-0.0189028,-0.496021,,0.308638,-0.207871,,,-0.165257,0.0238577,0.663778,-0.0151043,0.0391252,0.0339279,0.995066,0.115513,-0.663778,0.0151043,-0.106623,-0.018509,0.300556,-0.00716658,-0.308638,0.207871,0.00716658,0.00716658,-0.0200044,0.0774239,-0.00978113,0.0681298,-0.059746,-0.0337834,0.0292271,-0.00142402,-0.0158609,0.0231877,0.0258559,0.029862,-0.0148062,0.0148062,0.0158609,-0.0231877,-0.0223356,-0.00781829,-0.000704325,-0.0653111,0.00978113,-0.0681298,0.0581394,0.00769557,,,,,,,,,,,,,,,,,,,,,,,,,,,,,,,,,,,,,,,,,,,,,,,,,,0.00255367,-0.00716658,-0.0359541,-0.0140394,0.0497866,,0.0400035,-0.00716658,-0.017432,0.0204075,-0.0264534,,-0.00214267,0.00716658,-0.0613486,-0.0140394,0.0383441,,-0.060081,-0.00716658,-0.00731606,-0.0204075,0.035662,,0.0136488,-0.00716658,0.0547792,0.0140394,-0.0507809,,0.025358,0.00716658,-0.00297454,0.0204075,-0.03383,-0.0264795
current_hour_pillar_minus,0.0409231,0.0337063,0.0458902,0.0339574,-0.0192965,-0.0743102,0.261529,0.295815,1,-0.0445603,-0.0911608,0.0315236,-0.00524475,0.29282,0.262594,0.0712215,-0.0754398,,,,,,,,,0.0725733,0.0357849,-0.00920667,,-0.0332675,0.0392153,0.0354087,0.0361151,-0.0743102,,0.980887,-0.00446048,,,0.264084,-0.0137016,0.00900201,0.0315253,0.0280988,-0.00845999,0.295169,0.0294917,-0.00900201,-0.0315253,-0.0914827,0.0271028,0.984642,0.15342,-0.980887,0.00446048,-0.15342,-0.15342,-0.045725,0.0423076,0.0111577,0.00634027,-0.0759806,0.0270495,-0.0911608,0.0235756,-0.0962521,-0.0782844,-0.0966753,-0.00695632,0.0315236,-0.0315236,0.0962521,0.0782844,0.127941,0.0218774,-0.0057891,-0.0228172,-0.0111577,-0.00634027,0.0726366,-0.0235768,,,,,,,,,,,,,,,,,,,,,,,,,,,,,,,,,,,,,,,,,,,,,,,,,,0.0240719,0.15342,0.0174174,0.141236,0.0524053,,-0.0181217,0.15342,-0.0583533,-0.109095,0.00375824,,0.0297706,-0.15342,0.00351534,0.141236,0.0168436,,0.0113464,0.15342,-0.0128917,0.109095,0.0308914,,-0.0307148,0.15342,0.0271787,-0.141236,-0.0233902,,-0.0156256,-0.15342,-0.0490392,-0.109095,-0.0303319,0.0476251
current_month_pillar,0.0307912,0.032741,0.0247276,0.0295279,0.10583,0.0394327,-0.0625007,-0.0137748,-0.0445603,1,0.115443,-0.0965725,-0.187842,0.0494728,-0.0626103,0.0254596,0.180975,,,,,,,,,-0.159779,0.0497491,0.125501,,-0.0311641,0.0806564,0.0590613,0.0590375,0.0394327,,-0.0154345,0.0553474,,,-0.0630299,-0.0030857,0.0605412,0.120129,0.00666209,0.0247447,-0.0113401,-0.0250721,-0.0605412,-0.120129,-0.00642934,-0.000989075,-0.0148644,-0.171041,0.0154345,-0.0553474,0.171041,0.171041,0.994717,0.418132,-0.676174,0.0573664,-0.139154,-0.392859,0.115443,0.0440975,0.0654532,0.12743,0.132656,0.042188,-0.0965725,0.0965725,-0.0654532,-0.12743,-0.149696,-0.0916108,-0.183249,0.106629,0.676174,-0.0573664,0.197147,0.458773,,,,,,,,,,,,,,,,,,,,,,,,,,,,,,,,,,,,,,,,,,,,,,,,,,-0.0176252,-0.171041,-0.0904793,-0.172757,0.0143536,,0.0459836,-0.171041,0.0206085,0.153104,0.166774,,-0.0479673,0.171041,-0.0200924,-0.172757,0.126066,,-0.0307648,-0.171041,0.033735,-0.153104,-0.489035,,0.0499192,-0.171041,-0.117639,0.172757,0.0429961,,0.0178035,0.171041,0.0445754,0.153104,0.151586,0.0462339
current_year_pillar,-0.556195,-0.550137,-0.566401,-0.559034,-0.0978658,-0.0295013,0.0153569,0.0292271,-0.0911608,0.115443,1,-0.651761,-0.000365349,-0.0136134,0.0121672,-0.00261787,0.631406,,,,,,,,,-0.0486587,-0.679296,0.0221853,,-0.00726955,-0.687842,-0.678524,-0.679587,-0.0295013,,0.0229023,-0.019397,,,0.0163271,-0.00664661,0.00292739,0.00708275,-0.0292674,0.0358751,0.0289711,0.00114124,-0.00292739,-0.00708275,0.0376467,-0.0309683,0.0240278,-0.658026,-0.0229023,0.019397,0.658026,0.658026,0.0932318,0.178601,-0.0462874,-0.0815453,0.475465,-0.420166,1,0.140781,-0.191986,0.916035,0.981417,0.814313,-0.651761,0.651761,0.191986,-0.916035,-0.940719,-0.484244,-0.00635829,-0.0798937,0.0462874,0.0815453,-0.429787,0.490069,,,,,,,,,,,,,,,,,,,,,,,,,,,,,,,,,,,,,,,,,,,,,,,,,,-0.00909765,-0.658026,-0.243827,-0.82687,-0.00873233,,0.00352078,-0.658026,0.266781,0.92282,-0.153113,,-0.00445854,0.658026,-0.0673092,-0.82687,-0.0423303,,-0.0270696,-0.658026,-0.120034,-0.92282,-0.164642,,0.0238479,-0.658026,-0.183411,0.82687,0.24902,,0.00753681,0.658026,0.426515,0.92282,-0.113242,-0.547226
current_year_pillar_minus,0.126271,0.130263,0.132493,0.14228,-0.171818,0.0129164,-0.0136578,-0.0148062,0.0315236,-0.0965725,-0.651761,1,0.118459,-0.00272084,-0.00934882,0.0302473,-0.62895,,,,,,,,,-0.530661,0.621595,-0.0833358,,0.0322993,0.639853,0.615425,0.614236,0.0129164,,-0.0210515,0.00345937,,,-0.0132504,-0.012674,-0.0199332,0.00677819,0.0349112,-0.0129413,-0.014827,0.0024803,0.0199332,-0.00677819,-0.0318463,0.0226481,-0.0207272,0.297834,0.0210515,-0.00345937,-0.297834,-0.297834,-0.0500995,-0.366792,0.104014,0.104766,-0.147819,0.645496,-0.651761,-0.842626,0.588078,-0.895456,-0.759185,-0.804539,1,-1,-0.588078,0.895456,0.534242,0.976246,0.113432,0.0738515,-0.104014,-0.104766,0.385601,-0.624902,,,,,,,,,,,,,,,,,,,,,,,,,,,,,,,,,,,,,,,,,,,,,,,,,,0.0240934,0.297834,0.381143,0.557474,-0.0749762,,-0.0250954,0.297834,-0.272972,-0.794646,0.125345,,0.0255914,-0.297834,0.225443,0.557474,-0.0218985,,0.029957,0.297834,-0.00464348,0.794646,0.170656,,-0.0413934,0.297834,0.0797138,-0.557474,-0.218513,,-0.0208294,-0.297834,-0.428441,-0.794646,0.133334,0.111112
current_month_pillar_minus,0.161879,0.160869,0.153785,0.156978,0.0536492,-0.0157076,0.0371649,-0.00129516,-0.00524475,-0.187842,-0.000365349,0.118459,1,-0.000672605,0.0407399,0.00411399,-0.111672,,,,,,,,,-0.154353,0.178462,-0.0682421,,0.0143602,0.207172,0.173528,0.17311,-0.0157076,,0.0106919,-0.00448717,,,0.0378092,-0.0100669,-0.054721,-0.137762,0.0122193,0.0250448,-0.00322698,0.017868,0.054721,0.137762,0.0113647,-0.0501539,0.00884394,-0.0800904,-0.0106919,0.00448717,0.0800904,0.0800904,-0.179763,-0.0281424,0.652751,-0.00544035,0.115914,0.493049,-0.000365349,-0.154375,0.151208,-0.055997,-0.0169517,-0.0896846,0.118459,-0.118459,-0.151208,0.055997,-0.0393909,0.129966,0.994767,0.540173,-0.652751,0.00544035,-0.237801,-0.491155,,,,,,,,,,,,,,,,,,,,,,,,,,,,,,,,,,,,,,,,,,,,,,,,,,-0.00793426,-0.0800904,0.168433,-0.0368211,0.0621957,,-0.025033,-0.0800904,0.146131,-0.0189863,-0.0743414,,0.00869531,0.0800904,0.100127,-0.0368211,0.0235553,,-0.0133206,-0.0800904,-0.368206,0.0189863,0.189444,,-0.000830946,-0.0800904,0.135175,0.0368211,-0.186173,,0.00189857,0.0800904,-0.0263941,-0.0189863,-0.117586,0.160754
current_wuxi_hour,-0.00645451,-0.0158031,0.00271682,-0.00786644,-0.0441344,0.105997,-0.130542,-0.12389,0.29282,0.0494728,-0.0136134,-0.00272084,-0.000672605,1,-0.13016,0.0289299,0.000108094,,,,,,,,,0.0323264,-0.0187679,-0.0016127,,-0.0263017,-0.0211343,-0.0188249,-0.0184151,0.105997,,0.299827,0.94686,,,-0.130602,-0.0076402,-0.00072298,0.027751,0.00311329,0.00892033,-0.126023,0.00681062,0.00072298,-0.027751,0.015405,0.0480422,0.292192,0.0230263,-0.299827,-0.94686,-0.0230263,-0.0230263,0.0488135,0.0135288,-0.0402733,0.00389398,-0.0238688,-0.0344637,-0.0136134,0.0132176,-0.0186989,-0.00766918,-0.0126577,0.00151919,-0.00272084,0.00272084,0.0186989,0.00766918,0.01943,-0.00544146,0.00106215,0.00496038,0.0402733,-0.00389398,0.0315067,0.0348914,,,,,,,,,,,,,,,,,,,,,,,,,,,,,,,,,,,,,,,,,,,,,,,,,,0.0226667,0.0230263,0.00148223,0.0196429,-0.00633304,,-0.00686302,0.0230263,-0.0225159,-0.0131749,0.0215965,,0.0155264,-0.0230263,0.00116287,0.0196429,0.0016981,,0.0118765,0.0230263,0.0252225,0.0131749,-0.0372645,,-0.0105442,0.0230263,-0.00898049,-0.0196429,0.00233375,,-0.0169769,-0.0230263,-0.0200517,-0.0131749,0.0235476,-0.00717224
current_wuxi_day,-0.0232232,-0.0312053,-0.0225357,-0.0273129,-0.0260399,-0.51598,0.992904,-0.16735,0.262594,-0.0626103,0.0121672,-0.00934882,0.0407399,-0.13016,1,0.0768293,0.0186699,,,,,,,,,-0.0155904,-0.00759746,0.0311276,,-0.0396475,-0.0190183,-0.00531902,-0.00487161,-0.51598,,0.280813,-0.20402,,,0.995158,0.0185226,-0.660145,0.0432049,0.0145261,-0.0789967,-0.162788,-0.0423193,0.660145,-0.0432049,-0.0105028,0.0478033,0.273058,-0.0417665,-0.280813,0.20402,0.0417665,0.0417665,-0.0592348,-0.0563394,0.0721276,-0.0360018,0.0595687,0.0429356,0.0121672,0.00356486,0.0322595,0.0155014,0.0173261,-0.0105528,-0.00934882,0.00934882,-0.0322595,-0.0155014,-0.0262652,-0.0113442,0.0403454,0.0478752,-0.0721276,0.0360018,-0.051532,-0.044046,,,,,,,,,,,,,,,,,,,,,,,,,,,,,,,,,,,,,,,,,,,,,,,,,,0.0143763,-0.0417665,0.0413705,-0.0362355,-0.00906112,,-0.0289608,-0.0417665,-0.00268853,0.0251444,0.0088003,,0.00765191,0.0417665,0.0741762,-0.0362355,-0.0292132,,0.0768034,-0.0417665,-0.0057076,-0.0251444,0.0211417,,-0.0499046,-0.0417665,-0.0568801,0.0362355,0.0276933,,-0.0233847,0.0417665,0.00178856,0.0251444,-0.0109933,-0.0220254
current_wuxi_month,-0.0586185,-0.0513184,-0.0542456,-0.0507831,0.0777825,0.0248031,0.0745591,-0.110309,0.0712215,0.0254596,-0.00261787,0.0302473,0.00411399,0.0289299,0.0768293,1,-0.0873079,,,,,,,,,0.123569,-0.111381,0.025084,,0.0391305,-0.0934146,-0.108698,-0.108964,0.0248031,,0.0591592,0.01317,,,0.0718935,0.0375273,-0.1391,0.165645,-0.0167985,-0.0717585,-0.10308,-0.0998319,0.1391,-0.165645,-0.00075389,0.121639,0.064381,0.0434525,-0.0591592,-0.01317,-0.0434525,-0.0434525,0.0167958,0.104658,-0.0517008,-0.0430747,0.0754802,-0.00634638,-0.00261787,-0.0376258,-0.0270988,-0.0223277,-0.0157036,0.0141925,0.0302473,-0.0302473,0.0270988,0.0223277,0.019795,0.0394574,-0.0084667,0.119479,0.0517008,0.0430747,-0.0560308,-0.0021081,,,,,,,,,,,,,,,,,,,,,,,,,,,,,,,,,,,,,,,,,,,,,,,,,,-0.09991,0.0434525,-0.0604732,0.0400609,-0.152033,,0.0523271,0.0434525,0.0638294,-0.0310204,0.148931,,-0.0681368,-0.0434525,-0.060384,0.0400609,-0.221454,,-0.00911663,0.0434525,-0.0889875,0.0310204,-0.126719,,0.0350477,0.0434525,0.0433843,-0.0400609,0.220677,,0.090106,-0.0434525,0.114257,-0.0310204,0.116704,-0.0646852
current_wuxi_year,-0.432602,-0.432567,-0.430604,-0.430025,-0.105376,-0.0261221,0.0199146,0.0294644,-0.0754398,0.180975,0.631406,-0.62895,-0.111672,0.000108094,0.0186699,-0.0873079,1,,,,,,,,,-0.00630221,-0.603281,0.0394662,,0.0160691,-0.604975,-0.602396,-0.603509,-0.0261221,,0.0390861,-0.0109048,,,0.0185266,0.0246381,0.0214299,-0.0163263,-0.0608369,-0.000386956,0.0324598,-0.0322643,-0.0214299,0.0163263,0.038709,0.0132918,0.0394254,-0.65515,-0.0390861,0.0109048,0.65515,0.65515,0.145701,0.168004,-0.074497,-0.0329312,0.163153,-0.601623,0.631406,0.372714,0.00702161,0.721904,0.708046,0.438315,-0.62895,0.62895,-0.00702161,-0.721904,-0.691552,-0.587908,-0.0888297,-0.0700836,0.074497,0.0329312,-0.116767,0.478912,,,,,,,,,,,,,,,,,,,,,,,,,,,,,,,,,,,,,,,,,,,,,,,,,,-0.00887442,-0.65515,-0.218206,-0.750811,-0.0399305,,-0.00922016,-0.65515,0.129162,0.769735,-0.0748316,,-0.0185782,0.65515,-0.120527,-0.750811,0.0890718,,0.00606192,-0.65515,0.176395,-0.769735,-0.28671,,0.0268004,-0.65515,-0.142381,0.750811,0.0883725,,-0.00784878,0.65515,0.211173,0.769735,0.060095,-0.439078
base_year_pillar,,,,,,,,,,,,,,,,,,,,,,,,,,,,,,,,,,,,,,,,,,,,,,,,,,,,,,,,,,,,,,,,,,,,,,,,,,,,,,,,,,,,,,,,,,,,,,,,,,,,,,,,,,,,,,,,,,,,,,,,,,,,,,,,,,,,,,,,,,,,,,,,,,,,,,,,,,,,,,,,,,,,,,
base_month_pillar,,,,,,,,,,,,,,,,,,,,,,,,,,,,,,,,,,,,,,,,,,,,,,,,,,,,,,,,,,,,,,,,,,,,,,,,,,,,,,,,,,,,,,,,,,,,,,,,,,,,,,,,,,,,,,,,,,,,,,,,,,,,,,,,,,,,,,,,,,,,,,,,,,,,,,,,,,,,,,,,,,,,,,
base_day_pillar,,,,,,,,,,,,,,,,,,,,,,,,,,,,,,,,,,,,,,,,,,,,,,,,,,,,,,,,,,,,,,,,,,,,,,,,,,,,,,,,,,,,,,,,,,,,,,,,,,,,,,,,,,,,,,,,,,,,,,,,,,,,,,,,,,,,,,,,,,,,,,,,,,,,,,,,,,,,,,,,,,,,,,
base_hour_pillar,,,,,,,,,,,,,,,,,,,,,,,,,,,,,,,,,,,,,,,,,,,,,,,,,,,,,,,,,,,,,,,,,,,,,,,,,,,,,,,,,,,,,,,,,,,,,,,,,,,,,,,,,,,,,,,,,,,,,,,,,,,,,,,,,,,,,,,,,,,,,,,,,,,,,,,,,,,,,,,,,,,,,,
base_month_pillar_minus,,,,,,,,,,,,,,,,,,,,,,,,,,,,,,,,,,,,,,,,,,,,,,,,,,,,,,,,,,,,,,,,,,,,,,,,,,,,,,,,,,,,,,,,,,,,,,,,,,,,,,,,,,,,,,,,,,,,,,,,,,,,,,,,,,,,,,,,,,,,,,,,,,,,,,,,,,,,,,,,,,,,,,
base_hour_pillar_minus,,,,,,,,,,,,,,,,,,,,,,,,,,,,,,,,,,,,,,,,,,,,,,,,,,,,,,,,,,,,,,,,,,,,,,,,,,,,,,,,,,,,,,,,,,,,,,,,,,,,,,,,,,,,,,,,,,,,,,,,,,,,,,,,,,,,,,,,,,,,,,,,,,,,,,,,,,,,,,,,,,,,,,
base_year_pillar_minus,,,,,,,,,,,,,,,,,,,,,,,,,,,,,,,,,,,,,,,,,,,,,,,,,,,,,,,,,,,,,,,,,,,,,,,,,,,,,,,,,,,,,,,,,,,,,,,,,,,,,,,,,,,,,,,,,,,,,,,,,,,,,,,,,,,,,,,,,,,,,,,,,,,,,,,,,,,,,,,,,,,,,,
base_day_pillar_minus,,,,,,,,,,,,,,,,,,,,,,,,,,,,,,,,,,,,,,,,,,,,,,,,,,,,,,,,,,,,,,,,,,,,,,,,,,,,,,,,,,,,,,,,,,,,,,,,,,,,,,,,,,,,,,,,,,,,,,,,,,,,,,,,,,,,,,,,,,,,,,,,,,,,,,,,,,,,,,,,,,,,,,
year,0.214072,0.215028,0.211384,0.203276,0.286795,0.0111975,-0.0148463,-0.00847715,0.0725733,-0.159779,-0.0486587,-0.530661,-0.154353,0.0323264,-0.0155904,0.123569,-0.00630221,,,,,,,,,1,-0.4831,0.026219,,-0.0324287,-0.454712,-0.479246,-0.476363,0.0111975,,-0.00461732,0.0346756,,,-0.0158339,0.00900954,0.0253964,-0.00229921,0.0231316,-0.0112437,-0.00852772,-1.01668e-05,-0.0253964,0.00229921,-0.00916841,0.0146285,-0.00509902,0.444449,0.00461732,-0.0346756,-0.444449,-0.444449,-0.198124,0.274789,-0.0438033,-0.084152,-0.125654,-0.3637,-0.0486587,0.72727,-0.741387,0.216995,0.0266547,0.404379,-0.530661,0.530661,0.741387,-0.216995,0.248137,-0.590445,-0.144081,-0.153705,0.0438033,0.084152,-0.15319,0.320612,,,,,,,,,,,,,,,,,,,,,,,,,,,,,,,,,,,,,,,,,,,,,,,,,,-0.0218685,0.444449,-0.204795,0.240056,0.0998843,,0.0349224,0.444449,0.0959334,0.0318646,-0.0872543,,-0.0260028,-0.444449,-0.234491,0.240056,-0.00394078,,-0.0232454,0.444449,0.111358,-0.0318646,0.0142382,,0.0249578,0.444449,0.0712704,-0.240056,0.140956,,0.0294603,-0.444449,0.127125,0.0318646,-0.124821,0.218167
month,0.571649,0.56382,0.580107,0.573302,0.059037,0.0200994,-0.00787729,-0.0158762,0.0357849,0.0497491,-0.679296,0.621595,0.178462,-0.0187679,-0.00759746,-0.111381,-0.603281,,,,,,,,,-0.4831,1,-0.0395147,,0.0042417,0.976024,0.996943,0.996825,0.0200994,,-0.0210682,-0.0147048,,,-0.00720374,-0.00500875,-0.00846697,-0.00766488,-0.0103049,-0.00871431,-0.0158984,0.00185844,0.00846697,0.00766488,-0.0063941,-0.0108303,-0.0219764,0.329307,0.0210682,0.0147048,-0.329307,-0.329307,0.0893499,-0.236398,0.06938,0.0828722,-0.25261,0.579481,-0.679296,-0.32911,0.355041,-0.706879,-0.692351,-0.686009,0.621595,-0.621595,-0.355041,0.706879,0.580606,0.525735,0.164655,0.231746,-0.06938,-0.0828722,0.223583,-0.490279,,,,,,,,,,,,,,,,,,,,,,,,,,,,,,,,,,,,,,,,,,,,,,,,,,0.0189398,0.329307,0.239835,0.508474,0.0283536,,-0.0150903,0.329307,-0.179557,-0.656599,0.0874004,,0.015953,-0.329307,0.198951,0.508474,0.0679238,,0.0254338,0.329307,-0.135815,0.656599,0.148759,,-0.0199362,0.329307,0.102591,-0.508474,-0.254014,,-0.0251339,-0.329307,-0.279563,-0.656599,0.0430727,0.568871
day,0.00580255,0.0026263,0.0137281,0.00685196,0.031481,-0.00553936,0.0278861,-0.0359332,-0.00920667,0.125501,0.0221853,-0.0833358,-0.0682421,-0.0016127,0.0311276,0.025084,0.0394662,,,,,,,,,0.026219,-0.0395147,1,,-0.013852,-0.0250775,0.0385609,0.0388775,-0.00553936,,-0.0157584,0.00446543,,,0.0260711,0.0258295,-0.0364517,0.0959956,-0.0235833,-0.0412212,-0.0352436,-0.0190341,0.0364517,-0.0959956,0.023287,0.0430194,-0.0146911,0.0304298,0.0157584,-0.00446543,-0.0304298,-0.0304298,0.123943,0.0754439,-0.121955,0.0217758,-0.0640244,-0.0628681,0.0221853,0.0930338,-0.0904542,0.0529401,0.0317051,0.0690438,-0.0833358,0.0833358,0.0904542,-0.0529401,0.00149853,-0.0865581,-0.0609961,-0.0885691,0.121955,-0.0217758,0.00262146,0.126362,,,,,,,,,,,,,,,,,,,,,,,,,,,,,,,,,,,,,,,,,,,,,,,,,,-0.00125381,0.0304298,-0.0715681,0.00192465,0.00906852,,-0.0194006,0.0304298,0.0271971,0.0320374,-0.0515027,,-0.0243068,-0.0304298,-0.0659199,0.00192465,0.0929672,,0.0302373,0.0304298,-0.00870253,-0.0320374,-0.05029,,0.0161785,0.0304298,0.0350118,-0.00192465,-0.0613892,,-0.0246074,-0.0304298,0.0423254,0.0320374,0.00221902,0.0229423
hour,,,,,,,,,,,,,,,,,,,,,,,,,,,,,,,,,,,,,,,,,,,,,,,,,,,,,,,,,,,,,,,,,,,,,,,,,,,,,,,,,,,,,,,,,,,,,,,,,,,,,,,,,,,,,,,,,,,,,,,,,,,,,,,,,,,,,,,,,,,,,,,,,,,,,,,,,,,,,,,,,,,,,,
dayofweek,-0.0164316,-0.0145778,-0.0198946,-0.0235906,0.0563374,0.0103932,-0.0407551,0.0153195,-0.0332675,-0.0311641,-0.00726955,0.0322993,0.0143602,-0.0263017,-0.0396475,0.0391305,0.0160691,,,,,,,,,-0.0324287,0.0042417,-0.013852,,1,-0.000340286,0.00308535,-0.00974525,0.0103932,,-0.03157,-0.0180445,,,-0.0376886,-0.0305078,0.0454986,0.0202931,0.018247,-0.00870665,0.0162657,-0.00208046,-0.0454986,-0.0202931,-0.00177966,-0.0219541,-0.0315324,-0.0120328,0.03157,0.0180445,0.0120328,0.0120328,-0.0295799,-0.00502425,0.0131315,-0.0176533,0.0268257,0.0038622,-0.00726955,-0.0370017,0.0346268,-0.019839,-0.0112884,-0.0255736,0.0322993,-0.0322993,-0.0346268,0.019839,-0.00158287,0.0339929,0.0113955,0.0224888,-0.0131315,0.0176533,-0.00640429,-0.0134557,,,,,,,,,,,,,,,,,,,,,,,,,,,,,,,,,,,,,,,,,,,,,,,,,,0.0236416,-0.0120328,0.0224648,-0.00117833,0.0124912,,-0.0141258,-0.0120328,0.0102386,-0.01181,-0.0109825,,0.0358265,0.0120328,-0.0129601,-0.00117833,-0.0122928,,0.0218329,-0.0120328,0.00846812,0.01181,0.0210769,,-0.035466,-0.0120328,0.0177299,0.00117833,0.00135364,,-0.0180617,0.0120328,-0.0136897,-0.01181,-0.012341,-0.00641396
quarter,0.597913,0.593809,0.605607,0.602452,0.0841838,0.0218406,-0.0199565,-0.00707255,0.0392153,0.0806564,-0.687842,0.639853,0.207172,-0.0211343,-0.0190183,-0.0934146,-0.604975,,,,,,,,,-0.454712,0.976024,-0.0250775,,-0.000340286,1,0.974161,0.974158,0.0218406,,-0.0216285,-0.0170297,,,-0.018601,-0.0141432,0.00349422,0.00227429,-0.0035852,-0.0127275,-0.00667756,-0.00306966,-0.00349422,-0.00227429,-0.00870351,-0.00693697,-0.0223941,0.351315,0.0216285,0.0170297,-0.351315,-0.351315,0.117911,-0.209918,0.0647383,0.0815242,-0.273127,0.585983,-0.687842,-0.346876,0.346682,-0.723337,-0.706253,-0.687054,0.639853,-0.639853,-0.346682,0.723337,0.595396,0.546608,0.196294,0.226978,-0.0647383,-0.0815242,0.239617,-0.498037,,,,,,,,,,,,,,,,,,,,,,,,,,,,,,,,,,,,,,,,,,,,,,,,,,0.0143254,0.351315,0.209301,0.530727,0.0287152,,-0.0132621,0.351315,-0.21666,-0.676347,0.111406,,0.01007,-0.351315,0.204398,0.530727,0.0697129,,0.0250973,0.351315,-0.163078,0.676347,0.132807,,-0.0162069,0.351315,0.0851215,-0.530727,-0.241767,,-0.0213222,-0.351315,-0.273732,-0.676347,0.0575627,0.590386
dayofyear,0.573132,0.565066,0.582163,0.574817,0.0620135,0.0197244,-0.0058409,-0.0186533,0.0354087,0.0590613,-0.678524,0.615425,0.173528,-0.0188249,-0.00531902,-0.108698,-0.602396,,,,,,,,,-0.479246,0.996943,0.0385609,,0.00308535,0.974161,1,0.999914,0.0197244,,-0.0223411,-0.0142708,,,-0.00532435,-0.00288419,-0.0113996,-0.000170022,-0.012179,-0.0118738,-0.018627,0.000412517,0.0113996,0.000170022,-0.00456679,-0.00753411,-0.0231628,0.333867,0.0223411,0.0142708,-0.333867,-0.333867,0.0986034,-0.230842,0.0599573,0.0843947,-0.257455,0.575733,-0.678524,-0.321604,0.34637,-0.703633,-0.690979,-0.68034,0.615425,-0.615425,-0.34637,0.703633,0.582321,0.519276,0.16021,0.225135,-0.0599573,-0.0843947,0.223016,-0.481161,,,,,,,,,,,,,,,,,,,,,,,,,,,,,,,,,,,,,,,,,,,,,,,,,,0.0186791,0.333867,0.234436,0.510548,0.0293088,,-0.016603,0.333867,-0.177978,-0.655472,0.0835297,,0.0139986,-0.333867,0.194263,0.510548,0.0740634,,0.0276242,0.333867,-0.137588,0.655472,0.145659,,-0.0185977,0.333867,0.105611,-0.510548,-0.257844,,-0.0268956,-0.333867,-0.276332,-0.655472,0.0424195,0.57174
weekofyear,0.574867,0.566769,0.583948,0.576611,0.062299,0.0196568,-0.00537779,-0.0189028,0.0361151,0.0590375,-0.679587,0.614236,0.17311,-0.0184151,-0.00487161,-0.108964,-0.603509,,,,,,,,,-0.476363,0.996825,0.0388775,,-0.00974525,0.974158,0.999914,1,0.0196568,,-0.0219868,-0.013952,,,-0.00490266,-0.00247139,-0.011915,-0.000435952,-0.0123558,-0.0118162,-0.0188887,0.000439583,0.011915,0.000435952,-0.00458,-0.00721922,-0.0228117,0.335925,0.0219868,0.013952,-0.335925,-0.335925,0.0984961,-0.230246,0.0597395,0.0844767,-0.258576,0.575378,-0.679587,-0.319296,0.344085,-0.703729,-0.69177,-0.679734,0.614236,-0.614236,-0.344085,0.703729,0.583988,0.517734,0.159844,0.224692,-0.0597395,-0.0844767,0.22294,-0.480681,,,,,,,,,,,,,,,,,,,,,,,,,,,,,,,,,,,,,,,,,,,,,,,,,,0.0183361,0.335925,0.233846,0.51208,0.0295104,,-0.0163367,0.335925,-0.178066,-0.656188,0.0835156,,0.0134805,-0.335925,0.193969,0.51208,0.0743167,,0.0273132,0.335925,-0.137545,0.656188,0.145651,,-0.0180942,0.335925,0.105768,-0.51208,-0.257794,,-0.0266117,-0.335925,-0.276162,-0.656188,0.0422427,0.573358
current_hour_pillar_heavenly,0.0436061,0.0447584,0.044994,0.0427419,0.00391788,1,-0.517188,-0.496021,-0.0743102,0.0394327,-0.0295013,0.0129164,-0.0157076,0.105997,-0.51598,0.0248031,-0.0261221,,,,,,,,,0.0111975,0.0200994,-0.00553936,,0.0103932,0.0218406,0.0197244,0.0196568,1,,-0.054193,0.0534369,,,-0.519319,0.00160446,0.0127534,-0.0127571,-0.0320893,0.00672763,-0.500989,3.55108e-05,-0.0127534,0.0127571,0.0439817,-0.00869712,-0.0812305,0.0342275,0.054193,-0.0534369,-0.0342275,-0.0342275,0.0429492,-0.0210475,-0.0291918,-0.033113,-0.00483562,-0.00153731,-0.0295013,0.00408569,-0.013442,-0.0251705,-0.0296392,-0.0127235,0.0129164,-0.0129164,0.013442,0.0251705,0.0345106,0.00853745,-0.0142784,0.0126668,0.0291918,0.033113,-0.00649008,0.0148816,,,,,,,,,,,,,,,,,,,,,,,,,,,,,,,,,,,,,,,,,,,,,,,,,,-0.0159324,0.0342275,0.0117257,0.0344453,-0.0147612,,-0.00277656,0.0342275,0.00205994,-0.0303795,0.00922598,,-0.0224778,-0.0342275,-0.0040069,0.0344453,-0.0138314,,-0.00213823,0.0342275,0.00818196,0.0303795,-0.0280904,,0.0320539,0.0342275,0.00724125,-0.0344453,0.0221397,,2.54323e-05,-0.0342275,-0.0193297,-0.0303795,0.0111052,0.0421666
current_hour_pillar_earthly,,,,,,,,,,,,,,,,,,,,,,,,,,,,,,,,,,,,,,,,,,,,,,,,,,,,,,,,,,,,,,,,,,,,,,,,,,,,,,,,,,,,,,,,,,,,,,,,,,,,,,,,,,,,,,,,,,,,,,,,,,,,,,,,,,,,,,,,,,,,,,,,,,,,,,,,,,,,,,,,,,,,,,
current_hour_pillar_heavenly_sin,-0.0371672,-0.0454644,-0.0318089,-0.0443182,-0.0566062,-0.054193,0.280499,0.308638,0.980887,-0.0154345,0.0229023,-0.0210515,0.0106919,0.299827,0.280813,0.0591592,0.0390861,,,,,,,,,-0.00461732,-0.0210682,-0.0157584,,-0.03157,-0.0216285,-0.0223411,-0.0219868,-0.054193,,1,-0.00958745,,,0.282461,-0.00669599,0.00785769,0.0304014,0.0217122,-0.0110629,0.308273,0.0266608,-0.00785769,-0.0304014,-0.0877537,0.0311697,0.995922,-0.0198776,-1,0.00958745,0.0198776,0.0198776,-0.0156598,0.0183339,0.0179213,0.0158838,-0.0139361,-0.00546603,0.0229023,0.0112193,-0.00282279,0.0248156,0.0246758,0.0177187,-0.0210515,0.0210515,0.00282279,-0.0248156,-0.023437,-0.0188203,0.0108672,-0.0188154,-0.0179213,-0.0158838,0.0293684,-0.000566003,,,,,,,,,,,,,,,,,,,,,,,,,,,,,,,,,,,,,,,,,,,,,,,,,,0.0172651,-0.0198776,0.0202727,-0.0238898,0.0410964,,-0.0164297,-0.0198776,-0.0516372,0.0256375,0.000708776,,0.0256538,0.0198776,0.033185,-0.0238898,0.00465733,,0.0068904,-0.0198776,0.0069318,-0.0256375,0.0242375,,-0.0266491,-0.0198776,-0.0280704,0.0238898,-0.00424861,,-0.0105588,0.0198776,-0.0258817,0.0256375,-0.0328842,-0.030628
current_hour_pillar_heavenly_cos,0.00134782,-0.00526395,0.00915933,0.00284247,-0.0281333,0.0534369,-0.204409,-0.207871,-0.00446048,0.0553474,-0.019397,0.00345937,-0.00448717,0.94686,-0.20402,0.01317,-0.0109048,,,,,,,,,0.0346756,-0.0147048,0.00446543,,-0.0180445,-0.0170297,-0.0142708,-0.013952,0.0534369,,-0.00958745,1,,,-0.204858,-0.0075869,-0.00477684,0.0198384,-0.000101335,0.013749,-0.209901,0.000104994,0.00477684,-0.0198384,0.0403404,0.0394916,-0.00942039,0.0277763,0.00958745,-1,-0.0277763,-0.0277763,0.0545009,0.0103983,-0.0481686,0.00225677,-0.0198578,-0.0345727,-0.019397,0.00925648,-0.0172143,-0.0143764,-0.0190578,-0.00341174,0.00345937,-0.00345937,0.0172143,0.0143764,0.025198,0.000295456,-0.0030486,0.0105476,0.0481686,-0.00225677,0.0246722,0.0368512,,,,,,,,,,,,,,,,,,,,,,,,,,,,,,,,,,,,,,,,,,,,,,,,,,0.0199841,0.0277763,-0.00608689,0.0256478,-0.0194037,,-0.00112243,0.0277763,-0.00763502,-0.0199107,0.0223153,,0.00982,-0.0277763,-0.00792868,0.0256478,0.0015807,,0.0103707,0.0277763,0.0239278,0.0199107,-0.04585,,-0.0047126,0.0277763,-0.00269285,-0.0256478,0.00205072,,-0.0144502,-0.0277763,-0.0103387,-0.0199107,0.0356273,-0.00161815
current_hour_pillar_earthly_sin,,,,,,,,,,,,,,,,,,,,,,,,,,,,,,,,,,,,,,,,,,,,,,,,,,,,,,,,,,,,,,,,,,,,,,,,,,,,,,,,,,,,,,,,,,,,,,,,,,,,,,,,,,,,,,,,,,,,,,,,,,,,,,,,,,,,,,,,,,,,,,,,,,,,,,,,,,,,,,,,,,,,,,
current_hour_pillar_earthly_cos,,,,,,,,,,,,,,,,,,,,,,,,,,,,,,,,,,,,,,,,,,,,,,,,,,,,,,,,,,,,,,,,,,,,,,,,,,,,,,,,,,,,,,,,,,,,,,,,,,,,,,,,,,,,,,,,,,,,,,,,,,,,,,,,,,,,,,,,,,,,,,,,,,,,,,,,,,,,,,,,,,,,,,
current_day_pillar_heavenly,-0.0222886,-0.0300976,-0.0220279,-0.0262455,-0.0200697,-0.519319,0.99514,-0.165257,0.264084,-0.0630299,0.0163271,-0.0132504,0.0378092,-0.130602,0.995158,0.0718935,0.0185266,,,,,,,,,-0.0158339,-0.00720374,0.0260711,,-0.0376886,-0.018601,-0.00532435,-0.00490266,-0.519319,,0.282461,-0.204858,,,1,-0.00455732,-0.663615,0.0419758,0.0166343,-0.0285364,-0.162526,-0.020523,0.663615,-0.0419758,-0.00995004,0.0045178,0.274661,-0.0423086,-0.282461,0.204858,0.0423086,0.0423086,-0.0602765,-0.0536887,0.0795441,-0.0352214,0.0616608,0.0453298,0.0163271,0.00570444,0.0284853,0.0197252,0.0213687,-0.00540555,-0.0132504,0.0132504,-0.0284853,-0.0197252,-0.0291677,-0.01451,0.0373279,0.042908,-0.0795441,0.0352214,-0.0528942,-0.0460312,,,,,,,,,,,,,,,,,,,,,,,,,,,,,,,,,,,,,,,,,,,,,,,,,,0.0184862,-0.0423086,0.0415194,-0.0382386,-0.00269436,,-0.0234451,-0.0423086,-0.00263922,0.0286243,0.00415535,,0.0332454,0.0423086,0.0759111,-0.0382386,-0.0257128,,0.0247619,-0.0423086,-0.0081113,-0.0286243,0.0287782,,-0.0431523,-0.0423086,-0.0599403,0.0382386,0.0259896,,-0.0154574,0.0423086,0.0036301,0.0286243,-0.0176819,-0.0210775
current_day_pillar_earthly,-0.00317799,-0.000197972,0.00720931,0.00675554,-0.0840524,0.00160446,0.0901158,0.0238577,-0.0137016,-0.0030857,-0.00664661,-0.012674,-0.0100669,-0.0076402,0.0185226,0.0375273,0.0246381,,,,,,,,,0.00900954,-0.00500875,0.0258295,,-0.0305078,-0.0141432,-0.00288419,-0.00247139,0.00160446,,-0.00669599,-0.0075869,,,-0.00455732,1,0.0019086,-0.0130892,-0.34556,-0.45207,0.0155202,0.0209712,-0.0019086,0.0130892,0.278555,0.403135,-0.00917126,-0.0265527,0.00669599,0.0075869,0.0265527,0.0265527,-0.00081941,0.0126385,-0.0612566,-0.085228,0.0513663,-0.0535179,-0.00664661,0.0212637,0.0240782,0.00643019,0.00220823,-0.0188982,-0.012674,0.012674,-0.0240782,-0.00643019,-0.00674502,-0.0202164,-0.00507609,0.0156942,0.0612566,0.085228,-0.0608016,0.0452617,,,,,,,,,,,,,,,,,,,,,,,,,,,,,,,,,,,,,,,,,,,,,,,,,,-0.361985,-0.0265527,0.0656423,-0.0217315,-0.0448142,,0.281604,-0.0265527,-0.0361465,0.0133005,-0.0143294,,-0.417153,0.0265527,0.0754555,-0.0217315,-0.0213001,,-0.268375,-0.0265527,0.0686503,-0.0133005,-0.0162907,,0.278519,-0.0265527,-0.0930392,0.0217315,0.00740325,,0.295977,0.0265527,-0.0270542,0.0133005,0.00544573,-0.00320333
current_day_pillar_heavenly_sin,0.0289763,0.0308248,0.0234291,0.0237709,0.0539397,0.0127534,-0.659418,0.663778,0.00900201,0.0605412,0.00292739,-0.0199332,-0.054721,-0.00072298,-0.660145,-0.1391,0.0214299,,,,,,,,,0.0253964,-0.00846697,-0.0364517,,0.0454986,0.00349422,-0.0113996,-0.011915,0.0127534,,0.00785769,-0.00477684,,,-0.663615,0.0019086,1,0.00869231,0.0110171,0.0213694,0.662306,0.0578011,-1,-0.00869231,-0.0632242,0.0146423,0.00678494,0.0131471,-0.00785769,0.00477684,-0.0131471,-0.0131471,0.0552144,0.0925642,-0.104167,0.0681952,-0.0940823,-0.0841249,0.00292739,0.0239421,-0.0265686,0.0108684,0.00498103,0.0177648,-0.0199332,0.0199332,0.0265686,-0.0108684,0.00454908,-0.0208897,-0.0517435,-0.0825786,0.104167,-0.0681952,0.0767369,0.0690993,,,,,,,,,,,,,,,,,,,,,,,,,,,,,,,,,,,,,,,,,,,,,,,,,,0.00314507,0.0131471,-0.0448868,0.00540559,0.0109622,,0.0109208,0.0131471,0.0141755,0.00443084,-0.0161738,,-0.01082,-0.0131471,-0.0818067,0.00540559,0.0716705,,-0.0153513,0.0131471,0.0423029,-0.00443084,-0.0285589,,0.0144289,0.0131471,0.0477274,-0.00540559,-0.0730281,,0.00427057,-0.0131471,-0.00319275,0.00443084,0.0204714,0.0315181
