,cs_base_hour_current_hour,cs_base_hour_current_day,cs_base_hour_current_hour_minus,cs_base_hour_current_month,cs_base_hour_current_year,cs_base_hour_current_month_minus,cs_base_day_current_hour,cs_base_day_current_day,cs_base_day_current_hour_minus,cs_base_day_current_month,cs_base_day_current_year,cs_base_day_current_month_minus,cs_base_hour_minus_current_hour,cs_base_hour_minus_current_day,cs_base_hour_minus_current_hour_minus,cs_base_hour_minus_current_month,cs_base_hour_minus_current_year,cs_base_hour_minus_current_month_minus,cs_base_month_current_hour,cs_base_month_current_day,cs_base_month_current_hour_minus,cs_base_month_current_month,cs_base_month_current_year,cs_base_month_current_month_minus,cs_base_year_current_hour,cs_base_year_current_day,cs_base_year_current_hour_minus,cs_base_year_current_month,cs_base_year_current_year,cs_base_year_current_month_minus,cs_base_month_minus_current_hour,cs_base_month_minus_current_day,cs_base_month_minus_current_hour_minus,cs_base_month_minus_current_month,cs_base_month_minus_current_year,cs_base_month_minus_current_month_minus,target
cs_base_hour_current_hour,1,0.00156858,-0.123339,0.00113503,-0.000388661,0.00472472,-0.585723,-0.00132518,0.0111154,-0.00394082,0.0110995,-0.00343239,0.61357,0.00053875,-0.0157896,0.00247461,0.00407564,0.00177852,0.368664,-0.000977844,0.0518454,-0.00131334,0.00442182,0.00295049,-0.909748,-0.000692467,0.193541,0.00299063,-0.00544383,-0.00711882,-0.413742,0.000315256,-0.111194,-0.00470092,0.00447527,-0.000644779,-0.0144825
cs_base_hour_current_day,0.00156858,1,-0.00187154,0.0037586,-0.0087702,0.00828165,0.000459583,-0.691958,0.00139517,0.000516392,0.0158433,-0.0114055,0.00220008,0.663817,-0.00468526,0.000434382,-0.00922007,-0.00898562,-0.000663186,0.32183,0.00086252,0.00764412,-0.0157275,-0.000343751,-0.000339031,-0.873471,-0.000685791,-0.00787005,0.00890879,-0.00771478,-0.000923614,-0.490226,0.00429787,-9.52959e-05,0.0168182,0.00481137,-0.00182444
cs_base_hour_current_hour_minus,-0.123339,-0.00187154,1,0.00133471,-0.0292811,0.000779791,0.171348,0.00149996,-0.741507,-0.0032888,0.0149925,-0.00316518,0.118735,-0.00255523,0.728288,-0.000540115,-0.012031,0.00101439,0.359447,-0.00114431,0.280027,-0.000680169,-0.0497049,0.00390362,-0.0357195,0.00172002,-0.888176,-0.00105926,0.0656294,-0.00187472,-0.164654,0.00200926,-0.568701,-8.16384e-05,0.00813744,-0.00203393,0.00996664
cs_base_hour_current_month,0.00113503,0.0037586,0.00133471,1,0.0365032,-0.0242598,0.000435893,-0.0115244,-0.00223041,-0.680905,-0.0269259,0.0143511,0.00107069,0.000261683,-0.00114026,0.648741,0.0140534,0.103931,-1.32475e-05,0.000200048,-0.00184717,0.298164,0.00956314,0.211784,-0.000641052,0.000471233,-0.000546505,-0.874837,-0.0375926,-0.0300546,-0.000177024,-0.00396694,0.000599845,-0.460965,0.000241044,-0.164027,0.0144192
cs_base_hour_current_year,-0.000388661,-0.0087702,-0.0292811,0.0365032,1,0.00973888,0.000499503,0.00392459,0.0284073,-0.00159313,-0.79756,-0.00310787,-0.000355869,-0.00520711,-0.0369412,0.00737177,0.660279,0.00405606,7.31488e-05,0.00543511,-0.0702125,0.0372966,0.270924,0.000282666,0.000149918,0.00250282,0.0712157,-0.0591341,-0.87141,-0.00571709,0.000212381,0.00196528,0.032816,0.00837149,-0.500905,-0.0133412,0.21079
cs_base_hour_current_month_minus,0.00472472,0.00828165,0.000779791,-0.0242598,0.00973888,1,-0.00259365,0.0122031,-0.00200645,-0.0206572,-0.027998,-0.700238,0.0039129,0.00542922,0.000697051,0.0948798,0.00933539,0.680804,0.00302018,-0.00546716,0.000163353,0.246012,0.00859104,0.336755,-0.00408866,-0.0113899,0.000727193,-0.0476398,-0.00427704,-0.874943,-0.00241156,0.0101514,-0.00165642,-0.17115,-0.0125895,-0.51421,0.0419322
cs_base_day_current_hour,-0.585723,0.000459583,0.171348,0.000435893,0.000499503,-0.00259365,1,-0.000503898,0.047912,0.00338618,-0.00931181,0.00136907,-0.376205,0.000844966,-0.0521396,-0.00133149,-0.00306446,-0.000702867,-0.566587,0.000762778,-0.0509521,0.000440986,-0.00462692,-0.00202523,0.589812,-0.000484514,-0.238166,-0.00371859,0.00480937,0.00493073,0.55139,-0.000420636,0.107539,0.00414571,-0.00378104,-0.000489543,0.0130028
cs_base_day_current_day,-0.00132518,-0.691958,0.00149996,-0.0115244,0.00392459,0.0122031,-0.000503898,1,-0.00121633,0.0104992,-0.00963803,-0.00628852,-0.000574531,-0.488251,0.00317092,-0.0119536,0.00476823,0.00957742,0.00110815,-0.488176,-0.000703672,-0.0122841,0.00818962,-0.00804806,0.00057841,0.579799,0.000401867,0.0102682,-0.00367606,-0.00426345,-0.000474416,0.665296,-0.00289528,0.0124001,-0.0100596,-0.00432607,0.00556868
cs_base_day_current_hour_minus,0.0111154,0.00139517,-0.741507,-0.00223041,0.0284073,-0.00200645,0.047912,-0.00121633,1,0.0050747,-0.0196438,0.00327342,-0.262592,0.00163177,-0.540709,-0.00150701,0.00864239,-0.000509398,-0.472747,0.00131725,-0.454415,0.00110501,0.0454257,-0.00425869,0.0486015,-0.00189814,0.656083,-0.000277507,-0.0611396,0.00427562,0.257649,-0.00127621,0.697742,0.00308985,-0.00907066,0.00122557,-0.00163984
cs_base_day_current_month,-0.00394082,0.000516392,-0.0032888,-0.680905,-0.00159313,-0.0206572,0.00338618,0.0104992,0.0050747,1,0.0109871,-0.00633719,-0.00268828,0.000834159,-0.00301461,-0.487697,0.0301459,-0.166486,-0.00210197,0.0013166,-0.00631127,-0.49843,-0.0223633,-0.169648,0.00343135,-0.00639838,0.00620689,0.57888,0.0225138,0.084395,0.00226957,0.00618075,0.00380496,0.656695,-0.0233468,0.0954671,0.0102644
cs_base_day_current_year,0.0110995,0.0158433,0.0149925,-0.0269259,-0.79756,-0.027998,-0.00931181,-0.00963803,-0.0196438,0.0109871,1,-0.0297178,0.00922715,0.0149838,0.0260294,-0.0203663,-0.587535,-0.0184164,0.00338791,0.00132466,0.0575657,-0.0496107,-0.456609,0.0130409,-0.00701226,-0.00857484,-0.0455274,0.0381234,0.631487,0.0279676,-0.00652647,-0.00919273,-0.0266434,0.0147974,0.740919,-0.0089098,-0.0960029
cs_base_day_current_month_minus,-0.00343239,-0.0114055,-0.00316518,0.0143511,-0.00310787,-0.700238,0.00136907,-0.00628852,0.00327342,-0.00633719,-0.0297178,1,-0.00304175,-0.00905051,-0.00486281,-0.17093,-0.0325747,-0.491097,-0.00382782,0.00565889,-0.00500723,-0.183728,0.00712,-0.487024,0.0035769,0.0126076,0.00346344,0.0416589,0.00182739,0.589992,0.00162137,-0.00757071,0.00502056,0.124476,0.00772196,0.667907,0.0180023
cs_base_hour_minus_current_hour,0.61357,0.00220008,0.118735,0.00107069,-0.000355869,0.0039129,-0.376205,-0.000574531,-0.262592,-0.00268828,0.00922715,-0.00304175,1,-0.000356204,-0.0169548,0.00273578,0.00340296,0.00156789,0.552477,-0.00139807,-0.0128945,-0.00237562,0.00465101,0.00356741,-0.406433,-0.00143552,-0.127999,0.0038051,-0.00475908,-0.00647759,-0.888049,0.0014175,-0.0910054,-0.0047034,0.00355752,-0.00115766,-0.0128518
cs_base_hour_minus_current_day,0.00053875,0.663817,-0.00255523,0.000261683,-0.00520711,0.00542922,0.000844966,-0.488251,0.00163177,0.000834159,0.0149838,-0.00905051,-0.000356204,1,-0.00433062,-0.000103709,-0.00623563,-0.00702505,-0.00244484,0.580889,-0.000824705,0.00605778,-0.010745,-0.00120514,0.000292062,-0.489626,0.00127894,-0.00385024,0.00423116,-0.00495061,0.00114554,-0.873638,0.00359033,-5.68249e-05,0.0150776,0.00269982,-0.0020713
cs_base_hour_minus_current_hour_minus,-0.0157896,-0.00468526,0.728288,-0.00114026,-0.0369412,0.000697051,-0.0521396,0.00317092,-0.540709,-0.00301461,0.0260294,-0.00486281,-0.0169548,-0.00433062,1,-0.00154587,-0.0150687,0.000641282,0.368704,-0.00256087,0.571801,-0.00272759,-0.0631193,0.00542006,-0.186251,0.00451395,-0.601954,0.00244741,0.0803772,-0.00302231,-0.068158,0.00312267,-0.880734,-0.000166399,0.0150705,-0.00240549,0.00577857
cs_base_hour_minus_current_month,0.00247461,0.000434382,-0.000540115,0.648741,0.00737177,0.0948798,-0.00133149,-0.0119536,-0.00150701,-0.487697,-0.0203663,-0.17093,0.00273578,-0.000103709,-0.00154587,1,-0.0218541,-0.0393977,-0.000713695,0.00711767,0.00129413,0.566227,0.0539005,0.0515376,-0.000620294,0.00089655,-0.000174557,-0.466892,-0.0448299,-0.159912,-0.00173764,-0.00663904,0.000141198,-0.873916,0.00473342,-0.0303904,-0.00743443
cs_base_hour_minus_current_year,0.00407564,-0.00922007,-0.012031,0.0140534,0.660279,0.00933539,-0.00306446,0.00476823,0.00864239,0.0301459,-0.587535,-0.0325747,0.00340296,-0.00623563,-0.0150687,-0.0218541,1,-0.00621901,0.00168788,0.000370957,-0.0227627,0.00976259,0.566144,-0.00881037,-0.00278472,0.00497223,0.0261191,-0.0558538,-0.552894,0.00452343,-0.00232136,0.00343426,0.0115972,0.0491239,-0.847663,-0.0237442,0.248697
cs_base_hour_minus_current_month_minus,0.00177852,-0.00898562,0.00101439,0.103931,0.00405606,0.680804,-0.000702867,0.00957742,-0.000509398,-0.166486,-0.0184164,-0.491097,0.00156789,-0.00702505,0.000641282,-0.0393977,-0.00621901,1,0.00284194,0.000457817,-0.003092,0.0736379,-0.0174537,0.586297,-0.00245736,-0.000554075,0.00216029,-0.178983,0.0130262,-0.509861,-0.000960398,0.0106583,-0.00056226,-0.0210562,-0.00523911,-0.875336,0.0869886
cs_base_month_current_hour,0.368664,-0.000663186,0.359447,-1.32475e-05,7.31488e-05,0.00302018,-0.566587,0.00110815,-0.472747,-0.00210197,0.00338791,-0.00382782,0.552477,-0.00244484,0.368704,-0.000713695,0.00168788,0.00284194,1,-0.00194684,0.033648,4.00229e-06,0.00300958,0.00475079,-0.527623,0.000670452,-0.153555,0.000382125,-0.00325624,-0.00451707,-0.675572,0.00237131,-0.399093,-0.000618492,0.00057581,-0.00260908,-0.00733027
cs_base_month_current_day,-0.000977844,0.32183,-0.00114431,0.000200048,0.00543511,-0.00546716,0.000762778,-0.488176,0.00131725,0.0013166,0.00132466,0.00565889,-0.00139807,0.580889,-0.00256087,0.00711767,0.000370957,0.000457817,-0.00194684,1,-0.00192746,0.00270881,-0.00457216,0.00639068,0.00113341,-0.491451,0.000903073,0.00137526,-0.00475857,0.00140817,0.00112695,-0.693093,0.00265465,-0.00667368,0.00591786,-7.04188e-06,0.00486845
cs_base_month_current_hour_minus,0.0518454,0.00086252,0.280027,-0.00184717,-0.0702125,0.000163353,-0.0509521,-0.000703672,-0.454415,-0.00631127,0.0575657,-0.00500723,-0.0128945,-0.000824705,0.571801,0.00129413,-0.0227627,-0.003092,0.033648,-0.00192746,1,-0.00636781,-0.108599,0.00553707,-0.0610678,0.000444168,-0.452243,0.00965206,0.145004,-0.0050432,0.0724574,0.000827371,-0.707113,-0.00632156,0.0293228,6.81363e-05,-0.00436701
cs_base_month_current_month,-0.00131334,0.00764412,-0.000680169,0.298164,0.0372966,0.246012,0.000440986,-0.0122841,0.00110501,-0.49843,-0.0496107,-0.183728,-0.00237562,0.00605778,-0.00272759,0.566227,0.00976259,0.0736379,4.00229e-06,0.00270881,-0.00636781,1,0.0100415,-0.0132832,5.93245e-05,-0.00498904,0.00373304,-0.467768,-0.0412194,-0.184699,0.00152824,-0.00799661,0.00271984,-0.689887,-0.00862436,-0.0122503,0.0123478
cs_base_month_current_year,0.00442182,-0.0157275,-0.0497049,0.00956314,0.270924,0.00859104,-0.00462692,0.00818962,0.0454257,-0.0223633,-0.456609,0.00712,0.00465101,-0.010745,-0.0631193,0.0539005,0.566144,-0.0174537,0.00300958,-0.00457216,-0.108599,0.0100415,1,0.0120659,-0.00307053,0.0131937,0.113528,0.0292534,-0.46484,-0.0470719,-0.00403053,0.00434916,0.0544542,-0.0629316,-0.743342,0.0282458,-0.293347
cs_base_month_current_month_minus,0.00295049,-0.000343751,0.00390362,0.211784,0.000282666,0.336755,-0.00202523,-0.00804806,-0.00425869,-0.169648,0.0130409,-0.487024,0.00356741,-0.00120514,0.00542006,0.0515376,-0.00881037,0.586297,0.00475079,0.00639068,0.00553707,-0.0132832,0.0120659,1,-0.00324508,-0.00136293,-0.00473926,-0.156268,-0.0156426,-0.505619,-0.00271955,-0.00164249,-0.00522697,0.00298924,0.00317746,-0.694108,-0.0237063
cs_base_year_current_hour,-0.909748,-0.000339031,-0.0357195,-0.000641052,0.000149918,-0.00408866,0.589812,0.00057841,0.0486015,0.00343135,-0.00701226,0.0035769,-0.406433,0.000292062,-0.186251,-0.000620294,-0.00278472,-0.00245736,-0.527623,0.00113341,-0.0610678,5.93245e-05,-0.00307053,-0.00324508,1,-0.00021415,-0.13201,-0.00100934,0.00402933,0.00562642,0.293609,-0.000734237,0.247043,0.00235739,-0.00254032,0.0014333,0.0101565
cs_base_year_current_day,-0.000692467,-0.873471,0.00172002,0.000471233,0.00250282,-0.0113899,-0.000484514,0.579799,-0.00189814,-0.00639838,-0.00857484,0.0126076,-0.00143552,-0.489626,0.00451395,0.00089655,0.00497223,-0.000554075,0.000670452,-0.491451,0.000444168,-0.00498904,0.0131937,-0.00136293,-0.00021415,1,3.90491e-05,0.0050486,-0.00390773,0.00752823,0.000708134,0.324176,-0.00464968,-0.0029994,-0.0120175,0.00136474,-0.00491356
cs_base_year_current_hour_minus,0.193541,-0.000685791,-0.888176,-0.000546505,0.0712157,0.000727193,-0.238166,0.000401867,0.656083,0.00620689,-0.0455274,0.00346344,-0.127999,0.00127894,-0.601954,-0.000174557,0.0261191,0.00216029,-0.153555,0.000903073,-0.452243,0.00373304,0.113528,-0.00473926,-0.13201,3.90491e-05,1,-0.00390317,-0.152936,0.00242873,0.139462,-0.00105554,0.442756,0.00331159,-0.0234323,0.000457861,-0.0112439
cs_base_year_current_month,0.00299063,-0.00787005,-0.00105926,-0.874837,-0.0591341,-0.0476398,-0.00371859,0.0102682,-0.000277507,0.57888,0.0381234,0.0416589,0.0038051,-0.00385024,0.00244741,-0.466892,-0.0558538,-0.178983,0.000382125,0.00137526,0.00965206,-0.467768,0.0292534,-0.156268,-0.00100934,0.0050486,-0.00390317,1,0.0273133,-0.0238132,-0.0036221,0.00320281,-0.00295552,0.295386,0.018813,0.226935,-0.0448042
cs_base_year_current_year,-0.00544383,0.00890879,0.0656294,-0.0375926,-0.87141,-0.00427704,0.00480937,-0.00367606,-0.0611396,0.0225138,0.631487,0.00182739,-0.00475908,0.00423116,0.0803772,-0.0448299,-0.552894,0.0130262,-0.00325624,-0.00475857,0.145004,-0.0412194,-0.46484,-0.0156426,0.00402933,-0.00390773,-0.152936,0.0273133,1,0.0295594,0.00374028,-0.000674414,-0.0697443,0.0428699,0.419924,-0.00725712,0.00325057
cs_base_year_current_month_minus,-0.00711882,-0.00771478,-0.00187472,-0.0300546,-0.00571709,-0.874943,0.00493073,-0.00426345,0.00427562,0.084395,0.0279676,0.589992,-0.00647759,-0.00495061,-0.00302231,-0.159912,0.00452343,-0.509861,-0.00451707,0.00140817,-0.0050432,-0.184699,-0.0470719,-0.505619,0.00562642,0.00752823,0.00242873,-0.0238132,0.0295594,1,0.00457863,-0.00355612,0.00422705,0.233466,0.0137217,0.347905,0.0133485
cs_base_month_minus_current_hour,-0.413742,-0.000923614,-0.164654,-0.000177024,0.000212381,-0.00241156,0.55139,-0.000474416,0.257649,0.00226957,-0.00652647,0.00162137,-0.888049,0.00114554,-0.068158,-0.00173764,-0.00232136,-0.000960398,-0.675572,0.00112695,0.0724574,0.00152824,-0.00403053,-0.00271955,0.293609,0.000708134,0.139462,-0.0036221,0.00374028,0.00457863,1,-0.00144175,0.0890854,0.00390159,-0.00249762,0.00050261,0.00999673
cs_base_month_minus_current_day,0.000315256,-0.490226,0.00200926,-0.00396694,0.00196528,0.0101514,-0.000420636,0.665296,-0.00127621,0.00618075,-0.00919273,-0.00757071,0.0014175,-0.873638,0.00312267,-0.00663904,0.00343426,0.0106583,0.00237131,-0.693093,0.000827371,-0.00799661,0.00434916,-0.00164249,-0.000734237,0.324176,-0.00105554,0.00320281,-0.000674414,-0.00355612,-0.00144175,1,-0.00266487,0.00852949,-0.0092298,-0.00717329,0.00448375
cs_base_month_minus_current_hour_minus,-0.111194,0.00429787,-0.568701,0.000599845,0.032816,-0.00165642,0.107539,-0.00289528,0.697742,0.00380496,-0.0266434,0.00502056,-0.0910054,0.00359033,-0.880734,0.000141198,0.0115972,-0.00056226,-0.399093,0.00265465,-0.707113,0.00271984,0.0544542,-0.00522697,0.247043,-0.00464968,0.442756,-0.00295552,-0.0697443,0.00422705,0.0890854,-0.00266487,1,0.00205891,-0.0143108,0.00211195,4.67931e-05
cs_base_month_minus_current_month,-0.00470092,-9.52959e-05,-8.16384e-05,-0.460965,0.00837149,-0.17115,0.00414571,0.0124001,0.00308985,0.656695,0.0147974,0.124476,-0.0047034,-5.68249e-05,-0.000166399,-0.873916,0.0491239,-0.0210562,-0.000618492,-0.00667368,-0.00632156,-0.689887,-0.0629316,0.00298924,0.00235739,-0.0029994,0.00331159,0.295386,0.0428699,0.233466,0.00390159,0.00852949,0.00205891,1,-0.0200937,-0.0326985,0.0218242
cs_base_month_minus_current_year,0.00447527,0.0168182,0.00813744,0.000241044,-0.500905,-0.0125895,-0.00378104,-0.0100596,-0.00907066,-0.0233468,0.740919,0.00772196,0.00355752,0.0150776,0.0150705,0.00473342,-0.847663,-0.00523911,0.00057581,0.00591786,0.0293228,-0.00862436,-0.743342,0.00317746,-0.00254032,-0.0120175,-0.0234323,0.018813,0.419924,0.0137217,-0.00249762,-0.0092298,-0.0143108,-0.0200937,1,0.0114223,-0.0488599
cs_base_month_minus_current_month_minus,-0.000644779,0.00481137,-0.00203393,-0.164027,-0.0133412,-0.51421,-0.000489543,-0.00432607,0.00122557,0.0954671,-0.0089098,0.667907,-0.00115766,0.00269982,-0.00240549,-0.0303904,-0.0237442,-0.875336,-0.00260908,-7.04188e-06,6.81363e-05,-0.0122503,0.0282458,-0.694108,0.0014333,0.00136474,0.000457861,0.226935,-0.00725712,0.347905,0.00050261,-0.00717329,0.00211195,-0.0326985,0.0114223,1,-0.0613449
target,-0.0144825,-0.00182444,0.00996664,0.0144192,0.21079,0.0419322,0.0130028,0.00556868,-0.00163984,0.0102644,-0.0960029,0.0180023,-0.0128518,-0.0020713,0.00577857,-0.00743443,0.248697,0.0869886,-0.00733027,0.00486845,-0.00436701,0.0123478,-0.293347,-0.0237063,0.0101565,-0.00491356,-0.0112439,-0.0448042,0.00325057,0.0133485,0.00999673,0.00448375,4.67931e-05,0.0218242,-0.0488599,-0.0613449,1
